28,27,31,89,43,95,61,67,35,98,42
57,15,47,13,55,97,92,27,44,31,37,89,43
35,73,64,81,82,86,47
12,98,95,54,94,24,37,39,43
48,33,39,32,66,15,47,13,93,91,46
32,53,15,47,13,55,46,71,31
39,24,32,82,41,53,86,66,15,47,13,79,93,97,92,91,71,27,34
81,48,16,54,33,39,24,32,82,41,57,86,66,15,47,13,55,65,79,93,97,92,91
16,94,78,53,98,41,66,33,15,24,73,35,86,75,64,57,42,54,18,82,48
93,97,44,94,35,98,73
95,61,12,19,67,94,98,73,78,18,75,64,42,81,48,16,54,33,39,24,32,82,41
71,32,53,46,41,93,28,47,13,65,55,34,92,66,97,79,39,86,15
43,54,78,16,82,39,98,48,75,33,12,95,61,35,64,81,94,32,18,67,73,42,19
33,39,32,82,41,53,86,47,55,65,79,97,92,91,46,28,27
13,79,93,97,91,28,71,44,31,26,37,89,43,12,67
81,78,24,32,53,13,66,98,15,57,75,82,41,33,54
93,97,92,91,34,31,26,37,95,61,12,19,94,35,73
28,92,97,16,55,66,86,53,57,79,39,32,91,65,47,93,33,41,24,46,15
13,79,92,46,28,34,31,26,89,43,12
31,61,95,35,94,46,75,37,71,64,26,67,34,19,44,18,12
97,82,32,65,47
66,15,13,44,79,27,71,86,32,57,53,28,82,91,41,46,24,65,34
65,79,93,46,71,95,67,94,35
94,35,98,73,78,18,75,64,81,48,16,54,24,32,82,41,86,66,15
93,97,92,91,71,27,34,44,31,26,37,89,43,95,61,35,98
15,47,13,55,65,79,93,97,92,46,28,71,27,44,31,26,89,43,95,61,12
28,71,27,34,44,31,37,19,67,98,78,18,75,64,42
81,48,16,54,33,39,32,82,41,57,86,66,47,13,55,65,79,93,97,92,91
78,18,75,64,42,81,48,16,33,39,24,32,82,41,53,57,86,66,15,47,13,55,65
44,73,46,12,19,43,93,94,34,35,27
67,94,48,33,82,41,57,86,66
94,35,16,61,24,42,12,73,19,95,37,18,43,33,89,39,78,98,54,64,81,67,48
15,13,55,65,79,93,91,46,28,71,27,34,44,31,26,89,43
66,55,92,28,34,31,89
24,32,41,53,66,15,47,55,79,93,97,91,46,28,71,27,34
15,47,13,55,65,79,97,92,46,28,71,34,31,26,37,89,43,61,12
89,43,95,61,12,19,67,94,35,98,73,78,18,75,64,42,81,16,54,33,39,24,32
33,39,24,32,82,41,53,57,86,66,15,47,13,55,79,93,97,92,91,46,28,71,27
24,32,82,41,53,57,86,66,15,13,55,65,79,93,97,92,91,46,28,71,27,34,44
18,75,64,48,16,24,15,47,79
44,31,26,37,43,95,61,12,67,35,73,78,18,75,64,42,48,16,54
43,95,61,12,67,98,18,75,64,42,81,54,33,39,82
97,79,32,91,65,92,13,33,57,15,24,93,41,71,46,27,53
54,39,24,32,82,53,66,47,13,55,97,92,46,28,71
47,13,55,65,79,93,97,92,91,46,28,71,27,34,44,31,89,43,95,12,19
35,18,86,98,53,57,64,32,66,42,81,16,67
95,27,13,26,34,89,55,79,61,47,31,12,93,43,15
27,92,71,28,31,82,53,32,47
47,65,79,93,97,91,46,28,71,27,34,44,31,26,37,89,43,95,61,12,19
89,19,48,33,64,67,98,94,73
13,41,78,55,82,39,48,16,24,54,15,73,66,75,32
34,44,89,43,95,61,12,19,67,94,35,98,73,78,18,75,64,42,81,48,16
12,67,94,35,73,78,18,75,64,42,81,48,16,54,24,41,57
97,92,91,46,28,71,27,34,44,26,37,89,43,95,61,12,19,67,94,35,98,73,78
27,34,98,78,75,81,48
27,89,43,95,94,73,78,64,42,81,48
65,92,91,46,34,95,12,19,67,94,35
75,65,93,15,54,32,79
57,78,32,33,65,24,75,81,15,41,47,53,42,66,86,64,39
19,73,78,18,64,81,54,24,82,57,86
66,91,79,47,82,34,65,86,28,44,13,53,46,27,57
34,44,31,26,37,89,43,61,94,35,78,18,64,42,16
26,37,67,98,73,78,18,75,48,54,39
75,64,42,48,16,54,33,39,24,32,82,41,53,57,86,66,15,47,13,55,65,79,93
92,34,31,37,89,43,95,12,67,98,18
65,97,46,28,37,95,19,94,35
66,13,55,79,92,34,44,37,61
82,86,13,91,46,71,26
37,89,43,61,12,19,67,35,78,75,64,81,48,16,54,33,24
57,86,66,15,13,55,65,79,93,97,91,46,71,27,34,44,31,26,37,89,43
54,65,41,48,86,16,57,55,39,79,93,42,24,13,33,53,66,32,64
98,73,18,75,42,81,54,33,39,32,41,57,66
48,98,78,18,57,16,54,86,35,42,75
39,24,66,13,65,79,93
18,75,42,81,48,16,54,33,39,24,32,82,41,53,57,86,47,13,55,65,79
79,93,97,92,28,27,34,44,31,37,43,61,12,67,98
42,81,48,16,54,82,41,53,86,79,92
54,33,57,47,55,97,71
89,35,73,78,75,16,54,33,24
54,39,66,71,47,57,32,91,28,53,97,79,86,24,46,65,92,41,15
92,91,46,28,71,27,34,44,31,37,89,43,95,61,12,19,67,94,35,98,73,78,18
71,26,35,89,64,44,75,98,67
98,64,42,32,57,47,13
35,28,61,34,65,71,89,92,97,12,31
19,42,48,67,18,98,32,53,12,16,33
93,24,79,97,65,33,47,64,81,16,86,41,32,57,15
81,16,24,86,13,55,65,79,93,92,91
46,71,27,34,44,26,37,89,61,19,67,94,35,98,73,78,18,75,64
86,66,13,55,65,93,97,92,91,46,27,44,31,26,37,89,95
46,89,71,34,67,61,91,28,12,27,94,26,18,44,43,31,73,98,78
24,73,43,18,54,82,16,64,81,33,61,12,39
31,26,37,89,43,95,61,12,19,67,94,35,98,73,78,18,75,64,42,81,48,54,33
33,64,24,61,95,35,41
54,39,24,82,41,86,15,55,93,92,46,28,71
93,97,91,46,71,27,34,44,31,26,43,95,61,19,35,98,73
65,79,93,91,28,71,27,34,44,31,26,37,89,19,67,94,35
47,55,65,79,28,27,34,31,43,12,19
39,24,32,82,41,53,86,15,47,13,55,65,79,93,97,92,91,46,34
12,81,26,19,37,75,61,18,73,39,89,94,98,16,54,95,48,67,33,64,78,42,35
55,92,47,86,48,82,24,66,79,57,46
16,42,81,32,35,57,48,94,18,12,98,75,39,24,53
47,15,64,33,81,13,57,16,41,75,18
16,13,73,78,24,48,75,33,82,81,57,15,32,98,42,53,18
98,18,16,54,39,82,41,53,57,86,66,47,13
33,35,98,39,48,24,94,73,81,61,54,41,64,12,78
78,18,12,26,16,34,31,81,43,64,19,98,44,89,67,37,75,73,94,48,35,42,95
55,86,47,54,32,75,48,53,24,65,78
94,35,73,78,18,75,64,42,81,48,16,54,33,39,24,32,82,41,53,57,86,66,15
57,86,93,92,46,34,31
19,94,98,78,42,81,48,39,82,41,53
24,32,82,41,53,57,86,66,15,47,55,65,79,93,91,46,28,71,27,34,44
28,27,34,31,43,19,94,35,98,75,42
47,13,46,27,43,95,12
34,89,61,67,94,98,78,75,64,81,48
73,89,44,91,28,18,78,75,31
61,71,55,28,97
31,43,95,19,94,98,73,64,48,54,33
27,44,26,37,89,95,12,19,67,35,98,18,75,64,42,81,48
39,16,48,92,46,24,53
71,27,34,44,31,26,89,43,95,61,12,19,67,94,35,98,78,75,64,42,81
37,91,67,89,18,73,92
26,44,79,86,15,93,41,55,27,47,91,57,97,66,37
86,66,13,55,79,93,97,92,46,28,27,34,44,31,26,37,89,43,95
66,47,13,55,79,93,46,28,71,27,44,31,26,89,61
61,12,19,67,94,35,98,73,78,18,75,64,81,48,16,54,39,32,82,41,53
39,82,86,15,79,97,71,27,34
67,97,46,73,61,78,27
37,97,92,71,12,44,26,34,78,43,94
66,53,57,33,46,47,71,54,41,86,55
75,64,81,54,39,24,82,86,93
92,46,28,71,89,19,35,73,78
86,47,55,27,26,37,95
27,44,31,26,95,12,19,67,94,73,18,75,42,81,48
75,67,64,19,12,42,37,28,35,98,34,61,27,94,89
31,92,97,93,65,47,19,44,71,46,27,91,61,26,37,34,12,13,89
97,28,61,26,91,37,34,95,71,19,46,67,92,94,27,89,43,73,93,44,12
46,28,71,34,31,26,61,12,19,67,94,98,73,78,64
97,92,91,28,71,27,34,31,26,37,89,43,95,94,35,73,78
18,75,64,48,16,54,33,39,24,32,82,41,53,57,86,66,15,47,13,65,79
73,75,18,95,48,61,78,94,54,16,81,19,42,41,67,98,82,39,64
44,28,65,79,93,97,66,26,55,82,34,27,71,13,31
41,86,66,15,47,13,55,79,92,91,46,28,27,34,44,26,37
66,15,47,13,65,79,93,46,71,27,44,31,26,89,43
28,39,32,54,82,47,93,16,41,33,79
91,82,79,28,26,65,57,86,66,46,41,31,93,15,27,13,47
13,55,65,92,28,71,44,89,43
28,91,65,67,19,89,93,43,55,92,34,12,31,71,37
24,75,18,67,35,53,16,82,39,73,54,57,86,94,64,98,66
86,91,13,65,43,66,15,34,46,92,55,37,79,44,31
93,79,71,12,91,31,92,27,19,44,89,97,37,67,55,94,95,28,43,61,46
16,39,24,41,53,86,47,55,65,97,28
34,26,43,94,35,73,42,81,16
89,43,94,73,18
79,97,92,91,46,28,71,27,34,44,26,37,89,61,94,35,98
13,54,42,79,32,47,15,93,48,24,55,41,66,33,16,64,97
42,81,48,32,82,57,66,79,93,97,92
78,18,75,64,48,16,82,41,86,15,13,55,65
97,15,41,53,66,47,33,46,57,86,65,91,39,82,24,13,32,16,55
55,65,46,44,31,37,95,61,94
32,92,81,54,24,41,86,91,55,97,39
61,98,18,73,75,48,19,42,94,64,43,12,81,24,78,35,95
61,12,94,98,73,78,18,75,64,16,54,33,24,41,53
73,78,18,75,64,42,81,48,16,54,33,39,24,32,82,41,53,86,66,15,47,13,55
81,66,33,16,53,57,18,79,15,42,54,65,86,48,13,82,47,24,41,75,55
64,42,95,54,16,43,24
81,98,94,33,18,95,75,35,12,48,19,42,43,16,73
48,16,54,33,24,32,82,41,53,57,47,55,65,79,97,92,91
48,16,41,32,82
86,71,89,34,37,92,65,26,43,15,95,47,97,55,93,31,13
18,41,67,35,61,64,54,73,81,33,24,19,12,78,39,16,98,75,82,94,42,53,32
33,54,57,66,65,75,55,24,39,81,32,41,42,82,47,48,86,13,16,79,53,18,15
35,71,44,37,46,27,12,67,19,34,89,91,94,43,97,95,26,93,92
97,13,81,48,66,47,55,32,39,53,82,33,65,57,64,16,42
89,19,67,73,92,37,27,44,43
32,47,13,79,92,27,31
42,33,31,98,35,43,81
28,39,34,24,66,46,91,79,47
89,43,61,12,19,94,35,98,73,18,75,64,42,48,16,54,33,39,32
67,78,39,24,82,53,66
79,19,12,91,43,95,92,55,28,61,65,34,46,94,71,97,93,44,31,37,26
16,33,57,86,79,97,91
19,67,94,35,98,73,78,18,75,64,42,48,16,54,39,24,82,41,53,57,86
71,27,67,46,94,43,44,34,55,28,26,92,61
93,57,91,41,37,53,31
98,12,16,39,35,61,48,54,78,94,73,81,42,32,64,89,24
95,61,12,19,67,94,35,73,78,18,75,64,42,81,48,16,54,33,32,82,41
34,94,26,46,97,19,35,98,44,91,43,92,79,27,67,28,71
32,13,39,66,78,65,33,24,48,75,82,57,54,81,47,53,41
54,33,24,82,41,57,47,13,55,65,79,97,92,46,71
91,28,71,44,43,95,94,78,75
33,39,86,66,15,91,27
35,98,73,78,18,75,81,16,24,32,82,41,53,15,47
75,57,32,15,81,86,82,66,54,18,41,13,79,39,24
31,37,43,61,12,94,98,73,18,64,42,81,16
13,55,65,79,93,92,91,46,28,71,27,34,44,31,26,37,89,43,95,61,12,19,67
32,82,78,24,64,48,94,42,75,41,12,18,81,95,16
41,82,53,46,13,93,79,47,92,71,55,65,91,27,24,39,33
41,53,57,86,66,15,47,13,55,65,79,93,97,92,91,46,28,71,27,34,44,31,37
12,89,71,95,67,81,19,61,18,34,44,75,78,98,31
53,57,86,15,13,55,97,92,91,46,28,71,34,44,26,37,89
35,98,73,78,18,75,42,81,48,16,54,33,39,24,32,82,53,57,86,66,15
75,33,39,32,82,66,93
61,31,26,95,97,92,34,37,66,71,91,79,43,46,27,28,93
26,89,61,94,81
73,19,27,44,71,89,28,37,97,67,91,46,92,61,78,34,43,95,98
43,95,61,12,19,67,94,35,78,18,75,64,81,48,16,54,33,39,24,32,82
46,28,71,34,44,31,26,37,89,43,95,12,19,67,94,35,98,73,64
39,42,75,54,13,65,86,93,16,48,66,55,47
91,28,89,95,19,78,67,75,94,27,31,98,44,12,71,37,46,26,35,18,61
95,65,79,89,46,31,19,97,47,55,34,43,12,44,13,93,61,27,37
42,98,24,32,75,12,67,39,89